1.12054, 3074548, 1495404168000, 1.71, 1.71
1.12039, 3074548, 1495404228000, 1.71, 1.71
1.12047, 3074548, 1495404288000, 1.71, 1.71
1.12046, 3074548, 1495404347000, 1.71, 1.71
1.12054, 3074548, 1495404407000, 1.71, 1.71
1.12077, 3074548, 1495404468000, 1.71, 1.71
1.12062, 3074548, 1495404528000, 1.71, 1.71
1.12065, 3074548, 1495404588000, 1.71, 1.71
1.12066, 3074548, 1495404647000, 1.71, 1.71
1.12059, 3074548, 1495404707000, 1.71, 1.71
1.12044, 3074548, 1495404768000, 1.71, 1.71
1.12049, 3074548, 1495404828000, 1.71, 1.71
1.12048, 3074548, 1495404888000, 1.71, 1.71
1.12044, 3074548, 1495404947000, 1.71, 1.71
1.12045, 3074548, 1495405007000, 1.71, 1.71
1.12045, 3074548, 1495405068000, 1.71, 1.71
1.12045, 3074548, 1495405128000, 1.71, 1.71
1.12047, 3074548, 1495405188000, 1.71, 1.71
1.12044, 3074548, 1495405247000, 1.71, 1.71
1.12048, 3074548, 1495405307000, 1.71, 1.71
1.1203, 3074548, 1495405368000, 1.71, 1.71
1.12035, 3074548, 1495405428000, 1.71, 1.71
1.12037, 3074548, 1495405488000, 1.71, 1.71
1.1204, 3074548, 1495405547000, 1.71, 1.71
1.1203, 3074548, 1495405607000, 1.71, 1.71
1.12015, 3074548, 1495405668000, 1.71, 1.71
1.12004, 3074548, 1495405728000, 1.71, 1.71
1.12008, 3074548, 1495405788000, 1.71, 1.71
1.12013, 3074548, 1495405847000, 1.71, 1.71
1.12016, 3074548, 1495405907000, 1.71, 1.71
1.12049, 3074548, 1495405968000, 1.71, 1.71
1.1205, 3074548, 1495406028000, 1.71, 1.71
1.1205, 3074548, 1495406087000, 1.71, 1.71
1.12033, 3074548, 1495406148000, 1.71, 1.71
1.12034, 3074548, 1495406208000, 1.71, 1.71
1.12036, 3074548, 1495406267000, 1.71, 1.71
1.12045, 3074548, 1495406327000, 1.71, 1.71
1.1203, 3074548, 1495406388000, 1.71, 1.71
1.12039, 3074548, 1495406448000, 1.71, 1.71
1.12055, 3074548, 1495406508000, 1.71, 1.71
1.12054, 3074548, 1495406567000, 1.71, 1.71
1.1205, 3074548, 1495406627000, 1.71, 1.71
1.12054, 3074548, 1495406688000, 1.71, 1.71
1.12063, 3074548, 1495406748000, 1.71, 1.71
1.12063, 3074548, 1495406808000, 1.71, 1.71
1.12061, 3074548, 1495406868000, 1.71, 1.71
1.12065, 3074548, 1495406927000, 1.71, 1.71
1.1206, 3074548, 1495406988000, 1.71, 1.71
1.12055, 3074548, 1495407048000, 1.71, 1.71
1.12057, 3074548, 1495407108000, 1.71, 1.71
1.12066, 3074548, 1495407167000, 1.71, 1.71
1.12064, 3074548, 1495407227000, 1.71, 1.71
1.12055, 3074548, 1495407288000, 1.71, 1.71
1.12055, 3074548, 1495407348000, 1.71, 1.71
1.12056, 3074548, 1495407408000, 1.71, 1.71
1.12052, 3074548, 1495407467000, 1.71, 1.71
1.12061, 3074548, 1495407528000, 1.71, 1.71
1.12068, 3074548, 1495407588000, 1.71, 1.71
1.12077, 3074548, 1495407647000, 1.71, 1.71
1.1209, 3074548, 1495407707000, 1.71, 1.71
1.12085, 3074548, 1495407768000, 1.71, 1.71
1.12091, 3074548, 1495407828000, 1.71, 1.71
1.12089, 3074548, 1495407888000, 1.71, 1.71
1.12089, 3074548, 1495407947000, 1.71, 1.71
1.12084, 3074548, 1495408007000, 1.71, 1.71
1.12084, 3074548, 1495408069000, 1.71, 1.71
1.12085, 3074548, 1495408128000, 1.71, 1.71
1.12093, 3074548, 1495408188000, 1.71, 1.71
1.12076, 3074548, 1495408247000, 1.71, 1.71
1.12094, 3074548, 1495408308000, 1.71, 1.71
1.12079, 3074548, 1495408368000, 1.71, 1.71
1.12094, 3074548, 1495408427000, 1.71, 1.71
1.12088, 3074548, 1495408488000, 1.71, 1.71
1.12083, 3074548, 1495408548000, 1.71, 1.71
1.12073, 3074548, 1495408607000, 1.71, 1.71
1.12061, 3074548, 1495408667000, 1.71, 1.71
1.12074, 3074548, 1495408728000, 1.71, 1.71
1.12064, 3074548, 1495408788000, 1.71, 1.71
1.12069, 3074548, 1495408847000, 1.71, 1.71
1.1206, 3074548, 1495408908000, 1.71, 1.71
1.12056, 3074548, 1495408968000, 1.71, 1.71
1.1207, 3074548, 1495409028000, 1.71, 1.71
1.12067, 3074548, 1495409088000, 1.71, 1.71
1.12049, 3074548, 1495409147000, 1.71, 1.71
1.12045, 3074548, 1495409208000, 1.71, 1.71
1.12039, 3074548, 1495409268000, 1.71, 1.71
1.12029, 3074548, 1495409327000, 1.71, 1.71
1.12029, 3074548, 1495409388000, 1.71, 1.71
1.1204, 3074548, 1495409448000, 1.71, 1.71
1.12043, 3074548, 1495409507000, 1.71, 1.71
1.1203, 3074548, 1495409567000, 1.71, 1.71
1.1203, 3074548, 1495409628000, 1.71, 1.71
1.12012, 3074548, 1495409687000, 1.71, 1.71
1.12014, 3074548, 1495409747000, 1.71, 1.71
1.12019, 3074548, 1495409808000, 1.71, 1.71
1.12019, 3074548, 1495409868000, 1.71, 1.71
1.12029, 3074548, 1495409927000, 1.71, 1.71
1.12019, 3074548, 1495409988000, 1.71, 1.71
1.12021, 3074548, 1495410048000, 1.71, 1.71
1.12019, 3074548, 1495410107000, 1.71, 1.71
1.12026, 3074548, 1495410168000, 1.71, 1.71
1.12031, 3074548, 1495410228000, 1.71, 1.71
1.12036, 3074548, 1495410287000, 1.71, 1.71
1.12045, 3074548, 1495410348000, 1.71, 1.71
1.12044, 3074548, 1495410408000, 1.71, 1.71
1.12042, 3074548, 1495410467000, 1.71, 1.71
1.12044, 3074548, 1495410528000, 1.71, 1.71
1.12044, 3074548, 1495410588000, 1.71, 1.71
1.12051, 3074548, 1495410647000, 1.71, 1.71
1.12041, 3074548, 1495410707000, 1.71, 1.71
1.12039, 3074548, 1495410768000, 1.71, 1.71
1.12035, 3074548, 1495410828000, 1.71, 1.71
1.12029, 3074548, 1495410888000, 1.71, 1.71
1.12035, 3074548, 1495410947000, 1.71, 1.71
1.12034, 3074548, 1495411007000, 1.71, 1.71
1.12024, 3074548, 1495411068000, 1.71, 1.71
1.12043, 3074548, 1495411127000, 1.71, 1.71
1.12035, 3074548, 1495411187000, 1.71, 1.71
1.1202, 3074548, 1495411248000, 1.71, 1.71
1.12, 3074548, 1495411308000, 1.71, 1.71
1.11988, 3074548, 1495411367000, 1.71, 1.71
1.11948, 3074548, 1495411427000, 1.71, 1.71
1.11933, 3074548, 1495411488000, 1.71, 1.71
1.1193, 3074548, 1495411548000, 1.71, 1.71
1.11931, 3074548, 1495411607000, 1.71, 1.71
1.11917, 3074548, 1495411667000, 1.71, 1.71
1.11918, 3074548, 1495411728000, 1.71, 1.71
1.11908, 3074548, 1495411788000, 1.71, 1.71
1.11926, 3074548, 1495411847000, 1.71, 1.71
1.11944, 3074548, 1495411907000, 1.71, 1.71
1.11972, 3074548, 1495411967000, 1.71, 1.71
1.11966, 3074548, 1495412028000, 1.71, 1.71
1.1197, 3074548, 1495412088000, 1.71, 1.71
1.11984, 3074548, 1495412147000, 1.71, 1.71
1.11981, 3074548, 1495412207000, 1.71, 1.71
1.11969, 3074548, 1495412268000, 1.71, 1.71
1.11986, 3074548, 1495412328000, 1.71, 1.71
1.11959, 3074548, 1495412387000, 1.71, 1.71
1.11941, 3074548, 1495412447000, 1.71, 1.71
1.11944, 3074548, 1495412508000, 1.71, 1.71
1.11924, 3074548, 1495412568000, 1.71, 1.71
1.11921, 3074548, 1495412627000, 1.71, 1.71
1.11901, 3074548, 1495412688000, 1.71, 1.71
1.1192, 3074548, 1495412748000, 1.71, 1.71
1.11923, 3074548, 1495412808000, 1.71, 1.71
1.11931, 3074548, 1495412867000, 1.71, 1.71
1.11945, 3074548, 1495412928000, 1.71, 1.71
1.11943, 3074548, 1495412988000, 1.71, 1.71
1.11942, 3074548, 1495413047000, 1.71, 1.71
1.11954, 3074548, 1495413107000, 1.71, 1.71
1.1196, 3074548, 1495413168000, 1.71, 1.71
1.11966, 3074548, 1495413228000, 1.71, 1.71
1.1196, 3074548, 1495413288000, 1.71, 1.71
1.1196, 3074548, 1495413347000, 1.71, 1.71
1.11935, 3074548, 1495413408000, 1.71, 1.71
1.11941, 3074548, 1495413468000, 1.71, 1.71
1.11934, 3074548, 1495413528000, 1.71, 1.71
1.11929, 3074548, 1495413588000, 1.71, 1.71
1.11929, 3074548, 1495413648000, 1.71, 1.71
1.1191, 3074548, 1495413707000, 1.71, 1.71
1.11915, 3074548, 1495413768000, 1.71, 1.71
1.1191, 3074548, 1495413828000, 1.71, 1.71
1.1192, 3074548, 1495413887000, 1.71, 1.71
1.11909, 3074548, 1495413947000, 1.71, 1.71
1.11908, 3074548, 1495414007000, 1.71, 1.71
1.1192, 3074548, 1495414068000, 1.71, 1.71
1.11911, 3074548, 1495414128000, 1.71, 1.71
1.11925, 3074548, 1495414187000, 1.71, 1.71
1.11921, 3074548, 1495414247000, 1.71, 1.71
1.11915, 3074548, 1495414308000, 1.71, 1.71
1.1192, 3074548, 1495414368000, 1.71, 1.71
1.11895, 3074548, 1495414428000, 1.71, 1.71
1.11886, 3074548, 1495414487000, 1.71, 1.71
1.11885, 3074548, 1495414547000, 1.71, 1.71
1.1188, 3074548, 1495414608000, 1.71, 1.71
1.11873, 3074548, 1495414668000, 1.71, 1.71
1.1188, 3074548, 1495414727000, 1.71, 1.71
1.1187, 3074548, 1495414787000, 1.71, 1.71
1.11875, 3074548, 1495414848000, 1.71, 1.71
1.1187, 3074548, 1495414908000, 1.71, 1.71
1.11886, 3074548, 1495414968000, 1.71, 1.71
1.11886, 3074548, 1495415027000, 1.71, 1.71
1.1189, 3074548, 1495415087000, 1.71, 1.71
1.11884, 3074548, 1495415148000, 1.71, 1.71
1.11871, 3074548, 1495415208000, 1.71, 1.71
1.11854, 3074548, 1495415268000, 1.71, 1.71
1.11854, 3074548, 1495415328000, 1.71, 1.71
1.11835, 3074548, 1495415387000, 1.71, 1.71
1.1184, 3074548, 1495415447000, 1.71, 1.71
1.11841, 3074548, 1495415508000, 1.71, 1.71
1.11839, 3074548, 1495415567000, 1.71, 1.71
1.1184, 3074548, 1495415627000, 1.71, 1.71
1.11845, 3074548, 1495415688000, 1.71, 1.71
1.11845, 3074548, 1495415748000, 1.71, 1.71
1.11845, 3074548, 1495415807000, 1.71, 1.71
1.11845, 3074548, 1495415867000, 1.71, 1.71
1.11846, 3074548, 1495415928000, 1.71, 1.71
1.11841, 3074548, 1495415988000, 1.71, 1.71
1.11849, 3074548, 1495416047000, 1.71, 1.71
1.11856, 3074548, 1495416107000, 1.71, 1.71
1.11872, 3074548, 1495416168000, 1.71, 1.71
1.11871, 3074548, 1495416228000, 1.71, 1.71
1.11859, 3074548, 1495416287000, 1.71, 1.71
1.11869, 3074548, 1495416347000, 1.71, 1.71
1.11865, 3074548, 1495416408000, 1.71, 1.71
1.11876, 3074548, 1495416468000, 1.71, 1.71
1.11886, 3074548, 1495416527000, 1.71, 1.71
1.11869, 3074548, 1495416587000, 1.71, 1.71
1.11876, 3074548, 1495416648000, 1.71, 1.71
1.11867, 3074548, 1495416708000, 1.71, 1.71
1.11876, 3074548, 1495416768000, 1.71, 1.71
1.11876, 3074548, 1495416827000, 1.71, 1.71
1.11886, 3074548, 1495416889000, 1.71, 1.71
1.11895, 3074548, 1495416948000, 1.71, 1.71
1.11885, 3074548, 1495417008000, 1.71, 1.71
1.11882, 3074548, 1495417067000, 1.71, 1.71
1.11885, 3074548, 1495417128000, 1.71, 1.71
1.11882, 3074548, 1495417188000, 1.71, 1.71
1.1188, 3074548, 1495417247000, 1.71, 1.71
1.11873, 3074548, 1495417308000, 1.71, 1.71
1.11896, 3074548, 1495417368000, 1.71, 1.71
1.11913, 3074548, 1495417428000, 1.71, 1.71
1.11911, 3074548, 1495417487000, 1.71, 1.71
1.1192, 3074548, 1495417548000, 1.71, 1.71
1.11916, 3074548, 1495417608000, 1.71, 1.71
1.11914, 3074548, 1495417667000, 1.71, 1.71
1.11918, 3074548, 1495417727000, 1.71, 1.71
1.11921, 3074548, 1495417788000, 1.71, 1.71
1.11926, 3074548, 1495417848000, 1.71, 1.71
1.1193, 3074548, 1495417907000, 1.71, 1.71
1.11916, 3074548, 1495417967000, 1.71, 1.71
1.11915, 3074548, 1495418028000, 1.71, 1.71
1.11915, 3074548, 1495418088000, 1.71, 1.71
1.11919, 3074548, 1495418147000, 1.71, 1.71
1.11921, 3074548, 1495418207000, 1.71, 1.71
1.11932, 3074548, 1495418268000, 1.71, 1.71
1.11926, 3074548, 1495418328000, 1.71, 1.71
1.11931, 3074548, 1495418387000, 1.71, 1.71
1.11916, 3074548, 1495418447000, 1.71, 1.71
1.11917, 3074548, 1495418508000, 1.71, 1.71
1.1192, 3074548, 1495418568000, 1.71, 1.71
1.11906, 3074548, 1495418627000, 1.71, 1.71
1.11908, 3074548, 1495418687000, 1.71, 1.71
1.11903, 3074548, 1495418748000, 1.71, 1.71
1.11896, 3074548, 1495418808000, 1.71, 1.71
1.11892, 3074548, 1495418868000, 1.71, 1.71
1.11896, 3074548, 1495418927000, 1.71, 1.71
1.11896, 3074548, 1495418989000, 1.71, 1.71
1.11896, 3074548, 1495419048000, 1.71, 1.71
1.11891, 3074548, 1495419107000, 1.71, 1.71
1.11885, 3074548, 1495419167000, 1.71, 1.71
1.11886, 3074548, 1495419228000, 1.71, 1.71
1.11881, 3074548, 1495419288000, 1.71, 1.71
1.1187, 3074548, 1495419347000, 1.71, 1.71
1.11866, 3074548, 1495419407000, 1.71, 1.71
1.11866, 3074548, 1495419467000, 1.71, 1.71
1.1187, 3074548, 1495419528000, 1.71, 1.71
1.1187, 3074548, 1495419588000, 1.71, 1.71
1.11863, 3074548, 1495419648000, 1.71, 1.71
1.11855, 3074548, 1495419708000, 1.71, 1.71
1.11845, 3074548, 1495419768000, 1.71, 1.71
1.1185, 3074548, 1495419828000, 1.71, 1.71
1.1185, 3074548, 1495419888000, 1.71, 1.71
1.11851, 3074548, 1495419947000, 1.71, 1.71
1.11845, 3074548, 1495420007000, 1.71, 1.71
1.11845, 3074548, 1495420068000, 1.71, 1.71
1.11845, 3074548, 1495420128000, 1.71, 1.71
1.11856, 3074548, 1495420188000, 1.71, 1.71
1.11845, 3074548, 1495420247000, 1.71, 1.71
1.11847, 3074548, 1495420307000, 1.71, 1.71
1.11855, 3074548, 1495420368000, 1.71, 1.71
1.1186, 3074548, 1495420427000, 1.71, 1.71
1.11855, 3074548, 1495420487000, 1.71, 1.71
1.11848, 3074548, 1495420548000, 1.71, 1.71
1.11861, 3074548, 1495420608000, 1.71, 1.71
1.11853, 3074548, 1495420667000, 1.71, 1.71
1.11856, 3074548, 1495420727000, 1.71, 1.71
1.11855, 3074548, 1495420788000, 1.71, 1.71
1.11865, 3074548, 1495420848000, 1.71, 1.71
1.11871, 3074548, 1495420907000, 1.71, 1.71
1.11878, 3074548, 1495420967000, 1.71, 1.71
1.11887, 3074548, 1495421028000, 1.71, 1.71
1.11891, 3074548, 1495421088000, 1.71, 1.71
1.11892, 3074548, 1495421148000, 1.71, 1.71
1.11895, 3074548, 1495421207000, 1.71, 1.71
1.11886, 3074548, 1495421268000, 1.71, 1.71
1.11883, 3074548, 1495421328000, 1.71, 1.71
1.11885, 3074548, 1495421387000, 1.71, 1.71
1.11881, 3074548, 1495421447000, 1.71, 1.71
1.1188, 3074548, 1495421508000, 1.71, 1.71
1.11887, 3074548, 1495421567000, 1.71, 1.71
1.11892, 3074548, 1495421628000, 1.71, 1.71
1.11897, 3074548, 1495421688000, 1.71, 1.71
1.11893, 3074548, 1495421748000, 1.71, 1.71
1.11897, 3074548, 1495421807000, 1.71, 1.71
1.11898, 3074548, 1495421868000, 1.71, 1.71
1.11895, 3074548, 1495421928000, 1.71, 1.71
1.11916, 3074548, 1495421987000, 1.71, 1.71
1.11907, 3074548, 1495422047000, 1.71, 1.71
1.11909, 3074548, 1495422109000, 1.71, 1.71
1.11916, 3074548, 1495422168000, 1.71, 1.71
1.11906, 3074548, 1495422228000, 1.71, 1.71
1.11914, 3074548, 1495422288000, 1.71, 1.71
1.11921, 3074548, 1495422348000, 1.71, 1.71
1.11915, 3074548, 1495422407000, 1.71, 1.71
1.11915, 3074548, 1495422467000, 1.71, 1.71
1.11922, 3074548, 1495422528000, 1.71, 1.71
1.1192, 3074548, 1495422588000, 1.71, 1.71
1.1192, 3074548, 1495422647000, 1.71, 1.71
1.11912, 3074548, 1495422708000, 1.71, 1.71
1.11914, 3074548, 1495422768000, 1.71, 1.71
1.11911, 3074548, 1495422827000, 1.71, 1.71
1.11911, 3074548, 1495422888000, 1.71, 1.71
1.11912, 3074548, 1495422948000, 1.71, 1.71
1.11915, 3074548, 1495423007000, 1.71, 1.71
1.11913, 3074548, 1495423067000, 1.71, 1.71
1.11913, 3074548, 1495423128000, 1.71, 1.71
1.11914, 3074548, 1495423187000, 1.71, 1.71
1.11915, 3074548, 1495423247000, 1.71, 1.71
1.11917, 3074548, 1495423308000, 1.71, 1.71
1.11916, 3074548, 1495423368000, 1.71, 1.71
1.11918, 3074548, 1495423427000, 1.71, 1.71
1.11923, 3074548, 1495423488000, 1.71, 1.71
1.11925, 3074548, 1495423547000, 1.71, 1.71
1.11927, 3074548, 1495423607000, 1.71, 1.71
1.11925, 3074548, 1495423668000, 1.71, 1.71
1.11928, 3074548, 1495423728000, 1.71, 1.71
1.11931, 3074548, 1495423787000, 1.71, 1.71
1.11917, 3074548, 1495423847000, 1.71, 1.71
1.11922, 3074548, 1495423908000, 1.71, 1.71
1.11927, 3074548, 1495423967000, 1.71, 1.71
1.11927, 3074548, 1495424027000, 1.71, 1.71
1.11927, 3074548, 1495424088000, 1.71, 1.71
1.11935, 3074548, 1495424148000, 1.71, 1.71
1.11933, 3074548, 1495424207000, 1.71, 1.71
1.11933, 3074548, 1495424268000, 1.71, 1.71
1.11957, 3074548, 1495424328000, 1.71, 1.71
1.11952, 3074548, 1495424388000, 1.71, 1.71
1.1195, 3074548, 1495424447000, 1.71, 1.71
1.1195, 3074548, 1495424508000, 1.71, 1.71
1.1195, 3074548, 1495424568000, 1.71, 1.71
1.1195, 3074548, 1495424628000, 1.71, 1.71
1.11941, 3074548, 1495424688000, 1.71, 1.71
1.11951, 3074548, 1495424748000, 1.71, 1.71
1.11947, 3074548, 1495424808000, 1.71, 1.71
1.11946, 3074548, 1495424867000, 1.71, 1.71
1.11948, 3074548, 1495424927000, 1.71, 1.71
1.11937, 3074548, 1495424989000, 1.71, 1.71
1.11941, 3074548, 1495425048000, 1.71, 1.71
1.1194, 3074548, 1495425107000, 1.71, 1.71
1.11936, 3074548, 1495425167000, 1.71, 1.71
1.11938, 3074548, 1495425228000, 1.71, 1.71
1.11936, 3074548, 1495425288000, 1.71, 1.71
1.11935, 3074548, 1495425347000, 1.71, 1.71
1.11937, 3074548, 1495425408000, 1.71, 1.71
1.11937, 3074548, 1495425468000, 1.71, 1.71
1.11915, 3074548, 1495425527000, 1.71, 1.71
1.11917, 3074548, 1495425587000, 1.71, 1.71
1.1193, 3074548, 1495425648000, 1.71, 1.71
1.11936, 3074548, 1495425708000, 1.71, 1.71
1.11931, 3074548, 1495425767000, 1.71, 1.71
1.11931, 3074548, 1495425828000, 1.71, 1.71
1.11931, 3074548, 1495425888000, 1.71, 1.71
1.11937, 3074548, 1495425947000, 1.71, 1.71
1.11937, 3074548, 1495426007000, 1.71, 1.71
1.11938, 3074548, 1495426068000, 1.71, 1.71
1.11937, 3074548, 1495426128000, 1.71, 1.71
1.11936, 3074548, 1495426187000, 1.71, 1.71
1.11936, 3074548, 1495426248000, 1.71, 1.71
1.11937, 3074548, 1495426308000, 1.71, 1.71
1.11939, 3074548, 1495426367000, 1.71, 1.71
1.11937, 3074548, 1495426427000, 1.71, 1.71
1.11937, 3074548, 1495426489000, 1.71, 1.71
1.11937, 3074548, 1495426548000, 1.71, 1.71
1.11941, 3074548, 1495426608000, 1.71, 1.71
1.11937, 3074548, 1495426668000, 1.71, 1.71
1.11936, 3074548, 1495426728000, 1.71, 1.71
1.11932, 3074548, 1495426787000, 1.71, 1.71
1.11941, 3074548, 1495426847000, 1.71, 1.71
1.11938, 3074548, 1495426909000, 1.71, 1.71
1.11937, 3074548, 1495426967000, 1.71, 1.71
1.1194, 3074548, 1495427028000, 1.71, 1.71
1.11936, 3074548, 1495427088000, 1.71, 1.71
1.11936, 3074548, 1495427148000, 1.71, 1.71
1.11937, 3074548, 1495427208000, 1.71, 1.71
1.11938, 3074548, 1495427268000, 1.71, 1.71
1.1194, 3074548, 1495427328000, 1.71, 1.71
1.11936, 3074548, 1495427387000, 1.71, 1.71
1.11936, 3074548, 1495427448000, 1.71, 1.71
1.1194, 3074548, 1495427508000, 1.71, 1.71
1.11939, 3074548, 1495427567000, 1.71, 1.71
1.11941, 3074548, 1495427628000, 1.71, 1.71
1.11936, 3074548, 1495427688000, 1.71, 1.71
1.11939, 3074548, 1495427747000, 1.71, 1.71
1.11938, 3074548, 1495427808000, 1.71, 1.71
1.11936, 3074548, 1495427868000, 1.71, 1.71
1.11932, 3074548, 1495427928000, 1.71, 1.71
1.11932, 3074548, 1495427987000, 1.71, 1.71
1.11909, 3074548, 1495428049000, 1.71, 1.71
1.119, 3074548, 1495428108000, 1.71, 1.71
1.11885, 3074548, 1495428167000, 1.71, 1.71
1.11888, 3074548, 1495428227000, 1.71, 1.71
1.11891, 3074548, 1495428288000, 1.71, 1.71
1.11891, 3074548, 1495428347000, 1.71, 1.71
1.11901, 3074548, 1495428407000, 1.71, 1.71
1.11893, 3074548, 1495428468000, 1.71, 1.71
1.11892, 3074548, 1495428527000, 1.71, 1.71
1.11896, 3074548, 1495428587000, 1.71, 1.71
1.11896, 3074548, 1495428648000, 1.71, 1.71
1.11895, 3074548, 1495428708000, 1.71, 1.71
1.11892, 3074548, 1495428767000, 1.71, 1.71
1.11886, 3074548, 1495428828000, 1.71, 1.71
1.11896, 3074548, 1495428889000, 1.71, 1.71
1.11896, 3074548, 1495428947000, 1.71, 1.71
1.11897, 3074548, 1495429007000, 1.71, 1.71
1.11907, 3074548, 1495429068000, 1.71, 1.71
1.11896, 3074548, 1495429128000, 1.71, 1.71
1.11888, 3074548, 1495429187000, 1.71, 1.71
1.1189, 3074548, 1495429247000, 1.71, 1.71
1.11886, 3074548, 1495429308000, 1.71, 1.71
1.11888, 3074548, 1495429368000, 1.71, 1.71
1.11887, 3074548, 1495429427000, 1.71, 1.71
1.11875, 3074548, 1495429488000, 1.71, 1.71
1.11874, 3074548, 1495429548000, 1.71, 1.71
1.11873, 3074548, 1495429607000, 1.71, 1.71
1.1187, 3074548, 1495429667000, 1.71, 1.71
1.11865, 3074548, 1495429728000, 1.71, 1.71
1.11876, 3074548, 1495429788000, 1.71, 1.71
1.11876, 3074548, 1495429848000, 1.71, 1.71
1.11876, 3074548, 1495429908000, 1.71, 1.71
1.11876, 3074548, 1495429968000, 1.71, 1.71
1.11883, 3074548, 1495430028000, 1.71, 1.71
1.11892, 3074548, 1495430087000, 1.71, 1.71
1.11892, 3074548, 1495430148000, 1.71, 1.71
1.11907, 3074548, 1495430208000, 1.71, 1.71
1.11903, 3074548, 1495430267000, 1.71, 1.71
1.11907, 3074548, 1495430327000, 1.71, 1.71
1.11911, 3074548, 1495430388000, 1.71, 1.71
1.11897, 3074548, 1495430448000, 1.71, 1.71
1.11901, 3074548, 1495430507000, 1.71, 1.71
1.11901, 3074548, 1495430568000, 1.71, 1.71
1.119, 3074548, 1495430628000, 1.71, 1.71
1.119, 3074548, 1495430687000, 1.71, 1.71
1.11901, 3074548, 1495430748000, 1.71, 1.71
1.11911, 3074548, 1495430808000, 1.71, 1.71
1.11917, 3074548, 1495430867000, 1.71, 1.71
1.11917, 3074548, 1495430927000, 1.71, 1.71
1.11916, 3074548, 1495430988000, 1.71, 1.71
1.11916, 3074548, 1495431047000, 1.71, 1.71
1.11916, 3074548, 1495431107000, 1.71, 1.71
1.11915, 3074548, 1495431168000, 1.71, 1.71
1.11897, 3074548, 1495431228000, 1.71, 1.71
1.1188, 3074548, 1495431287000, 1.71, 1.71
1.11883, 3074548, 1495431347000, 1.71, 1.71
1.1189, 3074548, 1495431408000, 1.71, 1.71
1.11875, 3074548, 1495431468000, 1.71, 1.71
1.11887, 3074548, 1495431527000, 1.71, 1.71
1.11886, 3074548, 1495431588000, 1.71, 1.71
1.11886, 3074548, 1495431648000, 1.71, 1.71
1.11875, 3074548, 1495431707000, 1.71, 1.71
1.11866, 3074548, 1495431767000, 1.71, 1.71
1.11867, 3074548, 1495431829000, 1.71, 1.71
1.11874, 3074548, 1495431888000, 1.71, 1.71
1.11867, 3074548, 1495431948000, 1.71, 1.71
1.1186, 3074548, 1495432008000, 1.71, 1.71
1.1185, 3074548, 1495432068000, 1.71, 1.71
1.11855, 3074548, 1495432128000, 1.71, 1.71
1.11867, 3074548, 1495432187000, 1.71, 1.71
1.11862, 3074548, 1495432247000, 1.71, 1.71
1.11854, 3074548, 1495432308000, 1.71, 1.71
1.11856, 3074548, 1495432368000, 1.71, 1.71
1.11862, 3074548, 1495432427000, 1.71, 1.71
1.11894, 3074548, 1495432487000, 1.71, 1.71
1.11913, 3074548, 1495432548000, 1.71, 1.71
1.11916, 3074548, 1495432608000, 1.71, 1.71
1.11913, 3074548, 1495432667000, 1.71, 1.71
1.11919, 3074548, 1495432728000, 1.71, 1.71
1.11931, 3074548, 1495432787000, 1.71, 1.71
1.11922, 3074548, 1495432849000, 1.71, 1.71
1.11935, 3074548, 1495432908000, 1.71, 1.71
1.11938, 3074548, 1495432968000, 1.71, 1.71
1.11952, 3074548, 1495433027000, 1.71, 1.71
1.11942, 3074548, 1495433087000, 1.71, 1.71
1.11951, 3074548, 1495433150000, 1.71, 1.71
1.11951, 3074548, 1495433208000, 1.71, 1.71
1.11977, 3074548, 1495433268000, 1.71, 1.71
1.11989, 3074548, 1495433328000, 1.71, 1.71
1.11999, 3074548, 1495433387000, 1.71, 1.71
1.11981, 3074548, 1495433447000, 1.71, 1.71
1.11972, 3074548, 1495433508000, 1.71, 1.71
1.11927, 3074548, 1495433568000, 1.71, 1.71
1.11937, 3074548, 1495433628000, 1.71, 1.71
1.11942, 3074548, 1495433688000, 1.71, 1.71
1.11947, 3074548, 1495433747000, 1.71, 1.71
1.11933, 3074548, 1495433807000, 1.71, 1.71
1.11945, 3074548, 1495433868000, 1.71, 1.71
1.11941, 3074548, 1495433928000, 1.71, 1.71
1.11929, 3074548, 1495433988000, 1.71, 1.71
1.11924, 3074548, 1495434048000, 1.71, 1.71
1.1192, 3074548, 1495434107000, 1.71, 1.71
1.11903, 3074548, 1495434168000, 1.71, 1.71
1.119, 3074548, 1495434228000, 1.71, 1.71
1.11901, 3074548, 1495434288000, 1.71, 1.71
1.11886, 3074548, 1495434348000, 1.71, 1.71
1.11896, 3074548, 1495434407000, 1.71, 1.71
1.11894, 3074548, 1495434468000, 1.71, 1.71
1.11872, 3074548, 1495434528000, 1.71, 1.71
1.1187, 3074548, 1495434588000, 1.71, 1.71
1.11876, 3074548, 1495434648000, 1.71, 1.71
1.11874, 3074548, 1495434707000, 1.71, 1.71
1.11891, 3074548, 1495434767000, 1.71, 1.71
1.11906, 3074548, 1495434827000, 1.71, 1.71
1.11898, 3074548, 1495434888000, 1.71, 1.71
1.11889, 3074548, 1495434948000, 1.71, 1.71
1.11897, 3074548, 1495435008000, 1.71, 1.71
1.11907, 3074548, 1495435067000, 1.71, 1.71
1.11913, 3074548, 1495435127000, 1.71, 1.71
1.11928, 3074548, 1495435188000, 1.71, 1.71
1.11925, 3074548, 1495435248000, 1.71, 1.71
1.1194, 3074548, 1495435308000, 1.71, 1.71
1.11935, 3074548, 1495435368000, 1.71, 1.71
1.11936, 3074548, 1495435427000, 1.71, 1.71
1.11927, 3074548, 1495435488000, 1.71, 1.71
1.11915, 3074548, 1495435548000, 1.71, 1.71
1.11888, 3074548, 1495435608000, 1.71, 1.71
1.119, 3074548, 1495435668000, 1.71, 1.71
1.119, 3074548, 1495435727000, 1.71, 1.71
1.1188, 3074548, 1495435787000, 1.71, 1.71
1.11876, 3074548, 1495435848000, 1.71, 1.71
1.11866, 3074548, 1495435908000, 1.71, 1.71
1.11886, 3074548, 1495435967000, 1.71, 1.71
1.1189, 3074548, 1495436027000, 1.71, 1.71
1.11886, 3074548, 1495436088000, 1.71, 1.71
1.11871, 3074548, 1495436148000, 1.71, 1.71
1.11856, 3074548, 1495436208000, 1.71, 1.71
1.11814, 3074548, 1495436268000, 1.71, 1.71
1.11852, 3074548, 1495436327000, 1.71, 1.71
1.1183, 3074548, 1495436388000, 1.71, 1.71
1.11848, 3074548, 1495436448000, 1.71, 1.71
1.11851, 3074548, 1495436508000, 1.71, 1.71
1.1186, 3074548, 1495436568000, 1.71, 1.71
1.11846, 3074548, 1495436628000, 1.71, 1.71
1.11861, 3074548, 1495436687000, 1.71, 1.71
1.11846, 3074548, 1495436747000, 1.71, 1.71
1.11846, 3074548, 1495436808000, 1.71, 1.71
1.11851, 3074548, 1495436867000, 1.71, 1.71
1.1184, 3074548, 1495436927000, 1.71, 1.71
1.11847, 3074548, 1495436987000, 1.71, 1.71
1.1186, 3074548, 1495437048000, 1.71, 1.71
1.11852, 3074548, 1495437108000, 1.71, 1.71
1.11869, 3074548, 1495437168000, 1.71, 1.71
1.11871, 3074548, 1495437227000, 1.71, 1.71
1.11861, 3074548, 1495437287000, 1.71, 1.71
1.11871, 3074548, 1495437347000, 1.71, 1.71
1.11859, 3074548, 1495437407000, 1.71, 1.71
1.11865, 3074548, 1495437467000, 1.71, 1.71
1.11892, 3074548, 1495437528000, 1.71, 1.71
1.1189, 3074548, 1495437588000, 1.71, 1.71
1.11902, 3074548, 1495437648000, 1.71, 1.71
1.11921, 3074548, 1495437708000, 1.71, 1.71
1.11912, 3074548, 1495437767000, 1.71, 1.71
1.11896, 3074548, 1495437827000, 1.71, 1.71
1.11905, 3074548, 1495437888000, 1.71, 1.71
1.11924, 3074548, 1495437948000, 1.71, 1.71
1.11926, 3074548, 1495438008000, 1.71, 1.71
1.1192, 3074548, 1495438068000, 1.71, 1.71
1.11932, 3074548, 1495438127000, 1.71, 1.71
1.11927, 3074548, 1495438187000, 1.71, 1.71
1.11928, 3074548, 1495438247000, 1.71, 1.71
1.11899, 3074548, 1495438307000, 1.71, 1.71
1.11886, 3074548, 1495438368000, 1.71, 1.71
1.11858, 3074548, 1495438428000, 1.71, 1.71
1.11816, 3074548, 1495438488000, 1.71, 1.71
1.11798, 3074548, 1495438548000, 1.71, 1.71
1.11741, 3074548, 1495438607000, 1.71, 1.71
1.11669, 3074548, 1495438667000, 1.71, 1.71
1.11687, 3074548, 1495438727000, 1.71, 1.71
1.11686, 3074548, 1495438788000, 1.71, 1.71
1.11692, 3074548, 1495438847000, 1.71, 1.71
1.11682, 3074548, 1495438908000, 1.71, 1.71
1.11673, 3074548, 1495438968000, 1.71, 1.71
1.11688, 3074548, 1495439027000, 1.71, 1.71
1.11686, 3074548, 1495439087000, 1.71, 1.71
1.11707, 3074548, 1495439147000, 1.71, 1.71
1.11725, 3074548, 1495439208000, 1.71, 1.71
1.11734, 3074548, 1495439268000, 1.71, 1.71
1.1174, 3074548, 1495439328000, 1.71, 1.71
1.11762, 3074548, 1495439388000, 1.71, 1.71
1.11747, 3074548, 1495439447000, 1.71, 1.71
1.11753, 3074548, 1495439507000, 1.71, 1.71
1.11748, 3074548, 1495439567000, 1.71, 1.71
1.11732, 3074548, 1495439628000, 1.71, 1.71
1.11721, 3074548, 1495439688000, 1.71, 1.71
1.11715, 3074548, 1495439748000, 1.71, 1.71
1.1169, 3074548, 1495439807000, 1.71, 1.71
1.11706, 3074548, 1495439867000, 1.71, 1.71
1.11689, 3074548, 1495439927000, 1.71, 1.71
1.11711, 3074548, 1495439987000, 1.71, 1.71
1.11699, 3074548, 1495440048000, 1.71, 1.71
1.11741, 3074548, 1495440108000, 1.71, 1.71
1.11762, 3074548, 1495440168000, 1.71, 1.71
1.1175, 3074548, 1495440228000, 1.71, 1.71
1.11766, 3074548, 1495440287000, 1.71, 1.71
1.11755, 3074548, 1495440348000, 1.71, 1.71
1.11779, 3074548, 1495440408000, 1.71, 1.71
1.11787, 3074548, 1495440468000, 1.71, 1.71
1.11772, 3074548, 1495440528000, 1.71, 1.71
1.11763, 3074548, 1495440587000, 1.71, 1.71
1.11767, 3074548, 1495440647000, 1.71, 1.71
1.11783, 3074548, 1495440707000, 1.71, 1.71
1.11762, 3074548, 1495440768000, 1.71, 1.71
1.11756, 3074548, 1495440828000, 1.71, 1.71
1.11739, 3074548, 1495440887000, 1.71, 1.71
1.11722, 3074548, 1495440947000, 1.71, 1.71
1.11743, 3074548, 1495441008000, 1.71, 1.71
1.11751, 3074548, 1495441068000, 1.71, 1.71
1.1174, 3074548, 1495441128000, 1.71, 1.71
1.11715, 3074548, 1495441187000, 1.71, 1.71
1.11724, 3074548, 1495441248000, 1.71, 1.71
1.11726, 3074548, 1495441307000, 1.71, 1.71
1.11704, 3074548, 1495441367000, 1.71, 1.71
1.11687, 3074548, 1495441427000, 1.71, 1.71
1.11676, 3074548, 1495441488000, 1.71, 1.71
1.11676, 3074548, 1495441548000, 1.71, 1.71
1.11686, 3074548, 1495441608000, 1.71, 1.71
1.11685, 3074548, 1495441667000, 1.71, 1.71
1.11701, 3074548, 1495441727000, 1.71, 1.71
1.11692, 3074548, 1495441787000, 1.71, 1.71
1.11685, 3074548, 1495441848000, 1.71, 1.71
1.11697, 3074548, 1495441908000, 1.71, 1.71
1.11686, 3074548, 1495441968000, 1.71, 1.71
1.11681, 3074548, 1495442027000, 1.71, 1.71
1.11687, 3074548, 1495442087000, 1.71, 1.71
1.11681, 3074548, 1495442147000, 1.71, 1.71
1.11676, 3074548, 1495442208000, 1.71, 1.71
1.11672, 3074548, 1495442268000, 1.71, 1.71
1.11686, 3074548, 1495442327000, 1.71, 1.71
1.1169, 3074548, 1495442387000, 1.71, 1.71
1.11675, 3074548, 1495442447000, 1.71, 1.71
1.11682, 3074548, 1495442508000, 1.71, 1.71
1.11675, 3074548, 1495442568000, 1.71, 1.71
1.11672, 3074548, 1495442628000, 1.71, 1.71
1.11666, 3074548, 1495442687000, 1.71, 1.71
1.11671, 3074548, 1495442747000, 1.71, 1.71
1.11658, 3074548, 1495442809000, 1.71, 1.71
1.11647, 3074548, 1495442868000, 1.71, 1.71
1.11626, 3074548, 1495442928000, 1.71, 1.71
1.11621, 3074548, 1495442988000, 1.71, 1.71
1.11638, 3074548, 1495443047000, 1.71, 1.71
1.11631, 3074548, 1495443107000, 1.71, 1.71
1.11636, 3074548, 1495443168000, 1.71, 1.71
1.11651, 3074548, 1495443228000, 1.71, 1.71
1.11668, 3074548, 1495443288000, 1.71, 1.71
1.11665, 3074548, 1495443347000, 1.71, 1.71
1.11726, 3074548, 1495443407000, 1.71, 1.71
1.11696, 3074548, 1495443467000, 1.71, 1.71
1.11691, 3074548, 1495443528000, 1.71, 1.71
1.11681, 3074548, 1495443588000, 1.71, 1.71
1.11697, 3074548, 1495443648000, 1.71, 1.71
1.11699, 3074548, 1495443708000, 1.71, 1.71
1.117, 3074548, 1495443767000, 1.71, 1.71
1.11704, 3074548, 1495443827000, 1.71, 1.71
1.117, 3074548, 1495443887000, 1.71, 1.71
1.11701, 3074548, 1495443947000, 1.71, 1.71
1.11695, 3074548, 1495444008000, 1.71, 1.71
1.11701, 3074548, 1495444068000, 1.71, 1.71
1.11682, 3074548, 1495444128000, 1.71, 1.71
1.11676, 3074548, 1495444187000, 1.71, 1.71
1.1168, 3074548, 1495444247000, 1.71, 1.71
1.11695, 3074548, 1495444308000, 1.71, 1.71
1.11716, 3074548, 1495444367000, 1.71, 1.71
1.11732, 3074548, 1495444427000, 1.71, 1.71
1.11731, 3074548, 1495444488000, 1.71, 1.71
1.11725, 3074548, 1495444549000, 1.71, 1.71
1.11748, 3074548, 1495444608000, 1.71, 1.71
1.11757, 3074548, 1495444668000, 1.71, 1.71
1.11751, 3074548, 1495444727000, 1.71, 1.71
1.11745, 3074548, 1495444787000, 1.71, 1.71
1.11751, 3074548, 1495444848000, 1.71, 1.71
1.11752, 3074548, 1495444908000, 1.71, 1.71
1.11731, 3074548, 1495444967000, 1.71, 1.71
1.11741, 3074548, 1495445027000, 1.71, 1.71
1.11736, 3074548, 1495445087000, 1.71, 1.71
1.1174, 3074548, 1495445147000, 1.71, 1.71
1.11745, 3074548, 1495445208000, 1.71, 1.71
1.11749, 3074548, 1495445268000, 1.71, 1.71
1.11735, 3074548, 1495445328000, 1.71, 1.71
1.11744, 3074548, 1495445388000, 1.71, 1.71
1.11744, 3074548, 1495445448000, 1.71, 1.71
1.11757, 3074548, 1495445508000, 1.71, 1.71
1.11767, 3074548, 1495445567000, 1.71, 1.71
1.11761, 3074548, 1495445627000, 1.71, 1.71
1.11756, 3074548, 1495445687000, 1.71, 1.71
1.11762, 3074548, 1495445747000, 1.71, 1.71
1.11782, 3074548, 1495445807000, 1.71, 1.71
1.11787, 3074548, 1495445867000, 1.71, 1.71
1.11806, 3074548, 1495445928000, 1.71, 1.71
1.11816, 3074548, 1495445988000, 1.71, 1.71
1.11819, 3074548, 1495446048000, 1.71, 1.71
1.11807, 3074548, 1495446108000, 1.71, 1.71
1.11818, 3074548, 1495446167000, 1.71, 1.71
1.11832, 3074548, 1495446227000, 1.71, 1.71
1.11836, 3074548, 1495446288000, 1.71, 1.71
1.11817, 3074548, 1495446348000, 1.71, 1.71
1.11837, 3074548, 1495446408000, 1.71, 1.71
1.11841, 3074548, 1495446467000, 1.71, 1.71
1.1185, 3074548, 1495446527000, 1.71, 1.71
1.1184, 3074548, 1495446588000, 1.71, 1.71
1.1185, 3074548, 1495446648000, 1.71, 1.71
1.11847, 3074548, 1495446707000, 1.71, 1.71
1.1184, 3074548, 1495446767000, 1.71, 1.71
1.11842, 3074548, 1495446827000, 1.71, 1.71
1.11835, 3074548, 1495446888000, 1.71, 1.71
1.11845, 3074548, 1495446948000, 1.71, 1.71
1.11928, 3074548, 1495447007000, 1.71, 1.71
1.11992, 3074548, 1495447067000, 1.71, 1.71
1.11966, 3074548, 1495447128000, 1.71, 1.71
1.12011, 3074548, 1495447188000, 1.71, 1.71
1.1207, 3074548, 1495447248000, 1.71, 1.71
1.12102, 3074548, 1495447307000, 1.71, 1.71
1.1213, 3074548, 1495447367000, 1.71, 1.71
1.1218, 3074548, 1495447427000, 1.71, 1.71
1.12223, 3074548, 1495447488000, 1.71, 1.71
1.12205, 3074548, 1495447548000, 1.71, 1.71
1.12189, 3074548, 1495447608000, 1.71, 1.71
1.12154, 3074548, 1495447667000, 1.71, 1.71
1.12134, 3074548, 1495447728000, 1.71, 1.71
1.1211, 3074548, 1495447788000, 1.71, 1.71
1.12116, 3074548, 1495447847000, 1.71, 1.71
1.1212, 3074548, 1495447907000, 1.71, 1.71
1.12143, 3074548, 1495447967000, 1.71, 1.71
1.12139, 3074548, 1495448028000, 1.71, 1.71
1.12145, 3074548, 1495448088000, 1.71, 1.71
1.12157, 3074548, 1495448148000, 1.71, 1.71
1.1217, 3074548, 1495448207000, 1.71, 1.71
1.12165, 3074548, 1495448268000, 1.71, 1.71
1.12162, 3074548, 1495448328000, 1.71, 1.71
1.12177, 3074548, 1495448388000, 1.71, 1.71
1.1219, 3074548, 1495448447000, 1.71, 1.71
1.12199, 3074548, 1495448507000, 1.71, 1.71
1.12196, 3074548, 1495448567000, 1.71, 1.71
1.12252, 3074548, 1495448627000, 1.71, 1.71
1.12255, 3074548, 1495448687000, 1.71, 1.71
1.12337, 3074548, 1495448748000, 1.71, 1.71
1.12311, 3074548, 1495448808000, 1.71, 1.71
1.12274, 3074548, 1495448868000, 1.71, 1.71
1.12259, 3074548, 1495448928000, 1.71, 1.71
1.12258, 3074548, 1495448987000, 1.71, 1.71
1.12255, 3074548, 1495449047000, 1.71, 1.71
1.1224, 3074548, 1495449107000, 1.71, 1.71
1.1223, 3074548, 1495449167000, 1.71, 1.71
1.12242, 3074548, 1495449228000, 1.71, 1.71
1.12251, 3074548, 1495449288000, 1.71, 1.71
1.12248, 3074548, 1495449348000, 1.71, 1.71
1.12244, 3074548, 1495449408000, 1.71, 1.71
1.1224, 3074548, 1495449468000, 1.71, 1.71
1.12225, 3074548, 1495449527000, 1.71, 1.71
1.12236, 3074548, 1495449587000, 1.71, 1.71
1.1224, 3074548, 1495449647000, 1.71, 1.71
1.12235, 3074548, 1495449708000, 1.71, 1.71
1.12265, 3074548, 1495449768000, 1.71, 1.71
1.12302, 3074548, 1495449828000, 1.71, 1.71
1.12281, 3074548, 1495449888000, 1.71, 1.71
1.12298, 3074548, 1495449947000, 1.71, 1.71
1.12307, 3074548, 1495450007000, 1.71, 1.71
1.12301, 3074548, 1495450067000, 1.71, 1.71
1.12264, 3074548, 1495450128000, 1.71, 1.71
1.12282, 3074548, 1495450188000, 1.71, 1.71
1.12281, 3074548, 1495450247000, 1.71, 1.71
1.12286, 3074548, 1495450307000, 1.71, 1.71
1.123, 3074548, 1495450367000, 1.71, 1.71
1.12323, 3074548, 1495450428000, 1.71, 1.71
1.12336, 3074548, 1495450488000, 1.71, 1.71
1.12342, 3074548, 1495450548000, 1.71, 1.71
1.12339, 3074548, 1495450608000, 1.71, 1.71
1.12311, 3074548, 1495450667000, 1.71, 1.71
1.12311, 3074548, 1495450727000, 1.71, 1.71
1.12282, 3074548, 1495450787000, 1.71, 1.71
1.12287, 3074548, 1495450847000, 1.71, 1.71
1.12302, 3074548, 1495450908000, 1.71, 1.71
1.12324, 3074548, 1495450968000, 1.71, 1.71
1.12335, 3074548, 1495451028000, 1.71, 1.71
1.12336, 3074548, 1495451087000, 1.71, 1.71
1.1229, 3074548, 1495451147000, 1.71, 1.71
1.12285, 3074548, 1495451207000, 1.71, 1.71
1.12295, 3074548, 1495451267000, 1.71, 1.71
1.12313, 3074548, 1495451328000, 1.71, 1.71
1.12323, 3074548, 1495451388000, 1.71, 1.71
1.12312, 3074548, 1495451448000, 1.71, 1.71
1.12319, 3074548, 1495451508000, 1.71, 1.71
1.1233, 3074548, 1495451568000, 1.71, 1.71
1.12335, 3074548, 1495451628000, 1.71, 1.71
1.1233, 3074548, 1495451688000, 1.71, 1.71
1.12335, 3074548, 1495451747000, 1.71, 1.71
1.12351, 3074548, 1495451807000, 1.71, 1.71
1.12348, 3074548, 1495451867000, 1.71, 1.71
1.12342, 3074548, 1495451927000, 1.71, 1.71
1.12342, 3074548, 1495451988000, 1.71, 1.71
1.12366, 3074548, 1495452048000, 1.71, 1.71
1.12411, 3074548, 1495452108000, 1.71, 1.71
1.12444, 3074548, 1495452168000, 1.71, 1.71
1.12444, 3074548, 1495452227000, 1.71, 1.71
1.12441, 3074548, 1495452287000, 1.71, 1.71
1.12411, 3074548, 1495452347000, 1.71, 1.71
1.12414, 3074548, 1495452408000, 1.71, 1.71
1.12373, 3074548, 1495452468000, 1.71, 1.71
1.1236, 3074548, 1495452528000, 1.71, 1.71
1.12368, 3074548, 1495452587000, 1.71, 1.71
1.12375, 3074548, 1495452647000, 1.71, 1.71
1.12379, 3074548, 1495452707000, 1.71, 1.71
1.12389, 3074548, 1495452767000, 1.71, 1.71
1.1235, 3074548, 1495452828000, 1.71, 1.71
1.12345, 3074548, 1495452888000, 1.71, 1.71
1.12361, 3074548, 1495452948000, 1.71, 1.71
1.12361, 3074548, 1495453008000, 1.71, 1.71
1.12343, 3074548, 1495453068000, 1.71, 1.71
1.12349, 3074548, 1495453127000, 1.71, 1.71
1.12349, 3074548, 1495453187000, 1.71, 1.71
1.12356, 3074548, 1495453247000, 1.71, 1.71
1.12379, 3074548, 1495453308000, 1.71, 1.71
1.12385, 3074548, 1495453368000, 1.71, 1.71
1.12379, 3074548, 1495453428000, 1.71, 1.71
1.1237, 3074548, 1495453488000, 1.71, 1.71
1.12344, 3074548, 1495453548000, 1.71, 1.71
1.12385, 3074548, 1495453608000, 1.71, 1.71
1.12369, 3074548, 1495453667000, 1.71, 1.71
1.12356, 3074548, 1495453727000, 1.71, 1.71
1.12345, 3074548, 1495453787000, 1.71, 1.71
1.12375, 3074548, 1495453847000, 1.71, 1.71
1.12385, 3074548, 1495453907000, 1.71, 1.71
1.12368, 3074548, 1495453968000, 1.71, 1.71
1.12373, 3074548, 1495454028000, 1.71, 1.71
1.1236, 3074548, 1495454088000, 1.71, 1.71
1.12371, 3074548, 1495454148000, 1.71, 1.71
1.12373, 3074548, 1495454208000, 1.71, 1.71
1.12369, 3074548, 1495454268000, 1.71, 1.71
1.12359, 3074548, 1495454327000, 1.71, 1.71
1.12346, 3074548, 1495454387000, 1.71, 1.71
1.12354, 3074548, 1495454447000, 1.71, 1.71
1.1235, 3074548, 1495454508000, 1.71, 1.71
1.12359, 3074548, 1495454568000, 1.71, 1.71
1.12379, 3074548, 1495454628000, 1.71, 1.71
1.12392, 3074548, 1495454688000, 1.71, 1.71
1.12415, 3074548, 1495454748000, 1.71, 1.71
1.12403, 3074548, 1495454807000, 1.71, 1.71
1.1241, 3074548, 1495454867000, 1.71, 1.71
1.1241, 3074548, 1495454927000, 1.71, 1.71
1.12414, 3074548, 1495454988000, 1.71, 1.71
1.12422, 3074548, 1495455048000, 1.71, 1.71
1.12411, 3074548, 1495455108000, 1.71, 1.71
1.12438, 3074548, 1495455167000, 1.71, 1.71
1.12445, 3074548, 1495455227000, 1.71, 1.71
1.1244, 3074548, 1495455287000, 1.71, 1.71
1.12408, 3074548, 1495455348000, 1.71, 1.71
1.12398, 3074548, 1495455408000, 1.71, 1.71
1.12369, 3074548, 1495455468000, 1.71, 1.71
1.12381, 3074548, 1495455528000, 1.71, 1.71
1.12355, 3074548, 1495455588000, 1.71, 1.71
1.12369, 3074548, 1495455647000, 1.71, 1.71
1.12379, 3074548, 1495455707000, 1.71, 1.71
1.12399, 3074548, 1495455768000, 1.71, 1.71
1.12387, 3074548, 1495455828000, 1.71, 1.71
1.12395, 3074548, 1495455888000, 1.71, 1.71
1.124, 3074548, 1495455948000, 1.71, 1.71
1.12401, 3074548, 1495456007000, 1.71, 1.71
1.12426, 3074548, 1495456067000, 1.71, 1.71
1.12425, 3074548, 1495456127000, 1.71, 1.71
1.12422, 3074548, 1495456188000, 1.71, 1.71
1.12426, 3074548, 1495456248000, 1.71, 1.71
1.12431, 3074548, 1495456308000, 1.71, 1.71
1.12438, 3074548, 1495456368000, 1.71, 1.71
1.12453, 3074548, 1495456428000, 1.71, 1.71
1.12472, 3074548, 1495456488000, 1.71, 1.71
1.12475, 3074548, 1495456548000, 1.71, 1.71
1.1249, 3074548, 1495456608000, 1.71, 1.71
1.12482, 3074548, 1495456668000, 1.71, 1.71
1.12476, 3074548, 1495456728000, 1.71, 1.71
1.1248, 3074548, 1495456788000, 1.71, 1.71
1.12471, 3074548, 1495456848000, 1.71, 1.71
1.12468, 3074548, 1495456907000, 1.71, 1.71
1.12454, 3074548, 1495456967000, 1.71, 1.71
1.12447, 3074548, 1495457027000, 1.71, 1.71
1.12434, 3074548, 1495457087000, 1.71, 1.71
1.12443, 3074548, 1495457147000, 1.71, 1.71
1.12443, 3074548, 1495457207000, 1.71, 1.71
1.12433, 3074548, 1495457267000, 1.71, 1.71
1.12434, 3074548, 1495457327000, 1.71, 1.71
1.12451, 3074548, 1495457387000, 1.71, 1.71
1.1245, 3074548, 1495457447000, 1.71, 1.71
1.12464, 3074548, 1495457507000, 1.71, 1.71
1.12461, 3074548, 1495457567000, 1.71, 1.71
1.12474, 3074548, 1495457627000, 1.71, 1.71
1.12484, 3074548, 1495457688000, 1.71, 1.71
1.12484, 3074548, 1495457748000, 1.71, 1.71
1.12481, 3074548, 1495457809000, 1.71, 1.71
1.12485, 3074548, 1495457868000, 1.71, 1.71
1.12481, 3074548, 1495457928000, 1.71, 1.71
1.12473, 3074548, 1495457988000, 1.71, 1.71
1.1246, 3074548, 1495458048000, 1.71, 1.71
1.12461, 3074548, 1495458108000, 1.71, 1.71
1.12448, 3074548, 1495458167000, 1.71, 1.71
1.12429, 3074548, 1495458227000, 1.71, 1.71
1.12439, 3074548, 1495458288000, 1.71, 1.71
1.12417, 3074548, 1495458347000, 1.71, 1.71
1.12414, 3074548, 1495458407000, 1.71, 1.71
1.12429, 3074548, 1495458465000, 1.71, 1.71
1.12441, 3074548, 1495458528000, 1.71, 1.71
1.12434, 3074548, 1495458588000, 1.71, 1.71
1.12422, 3074548, 1495458648000, 1.71, 1.71
1.12436, 3074548, 1495458707000, 1.71, 1.71
1.12449, 3074548, 1495458767000, 1.71, 1.71
1.12445, 3074548, 1495458827000, 1.71, 1.71
1.12444, 3074548, 1495458888000, 1.71, 1.71
1.12461, 3074548, 1495458948000, 1.71, 1.71
1.12461, 3074548, 1495459007000, 1.71, 1.71
1.12451, 3074548, 1495459067000, 1.71, 1.71
1.12439, 3074548, 1495459127000, 1.71, 1.71
1.1245, 3074548, 1495459187000, 1.71, 1.71
1.12475, 3074548, 1495459247000, 1.71, 1.71
1.12466, 3074548, 1495459308000, 1.71, 1.71
1.12469, 3074548, 1495459368000, 1.71, 1.71
1.12476, 3074548, 1495459428000, 1.71, 1.71
1.12463, 3074548, 1495459488000, 1.71, 1.71
1.1248, 3074548, 1495459548000, 1.71, 1.71
1.12485, 3074548, 1495459607000, 1.71, 1.71
1.12483, 3074548, 1495459667000, 1.71, 1.71
1.12463, 3074548, 1495459727000, 1.71, 1.71
1.12455, 3074548, 1495459788000, 1.71, 1.71
1.12463, 3074548, 1495459848000, 1.71, 1.71
1.12459, 3074548, 1495459907000, 1.71, 1.71
1.12472, 3074548, 1495459967000, 1.71, 1.71
1.12469, 3074548, 1495460027000, 1.71, 1.71
1.12458, 3074548, 1495460088000, 1.71, 1.71
1.12455, 3074548, 1495460148000, 1.71, 1.71
1.12433, 3074548, 1495460208000, 1.71, 1.71
1.12424, 3074548, 1495460268000, 1.71, 1.71
1.12418, 3074548, 1495460327000, 1.71, 1.71
1.12426, 3074548, 1495460387000, 1.71, 1.71
1.12449, 3074548, 1495460447000, 1.71, 1.71
1.12438, 3074548, 1495460508000, 1.71, 1.71
1.12428, 3074548, 1495460568000, 1.71, 1.71
1.12454, 3074548, 1495460628000, 1.71, 1.71
1.12459, 3074548, 1495460688000, 1.71, 1.71
1.1247, 3074548, 1495460748000, 1.71, 1.71
1.12459, 3074548, 1495460808000, 1.71, 1.71
1.12464, 3074548, 1495460867000, 1.71, 1.71
1.12465, 3074548, 1495460927000, 1.71, 1.71
1.12483, 3074548, 1495460988000, 1.71, 1.71
1.12482, 3074548, 1495461048000, 1.71, 1.71
1.12563, 3074548, 1495461108000, 1.71, 1.71
1.12536, 3074548, 1495461168000, 1.71, 1.71
1.12556, 3074548, 1495461228000, 1.71, 1.71
1.12535, 3074548, 1495461287000, 1.71, 1.71
1.12562, 3074548, 1495461348000, 1.71, 1.71
1.12565, 3074548, 1495461407000, 1.71, 1.71
1.12581, 3074548, 1495461467000, 1.71, 1.71
1.12575, 3074548, 1495461528000, 1.71, 1.71
1.12587, 3074548, 1495461588000, 1.71, 1.71
1.12614, 3074548, 1495461648000, 1.71, 1.71
1.12594, 3074548, 1495461708000, 1.71, 1.71
1.12595, 3074548, 1495461768000, 1.71, 1.71
1.12622, 3074548, 1495461827000, 1.71, 1.71
1.12595, 3074548, 1495461887000, 1.71, 1.71
1.12578, 3074548, 1495461947000, 1.71, 1.71
1.12582, 3074548, 1495462008000, 1.71, 1.71
1.12588, 3074548, 1495462068000, 1.71, 1.71
1.12574, 3074548, 1495462128000, 1.71, 1.71
1.12573, 3074548, 1495462188000, 1.71, 1.71
1.12568, 3074548, 1495462247000, 1.71, 1.71
1.12559, 3074548, 1495462307000, 1.71, 1.71
1.12554, 3074548, 1495462367000, 1.71, 1.71
1.12565, 3074548, 1495462427000, 1.71, 1.71
1.12585, 3074548, 1495462488000, 1.71, 1.71
1.12582, 3074548, 1495462548000, 1.71, 1.71
1.12579, 3074548, 1495462608000, 1.71, 1.71
1.12564, 3074548, 1495462667000, 1.71, 1.71
1.12555, 3074548, 1495462727000, 1.71, 1.71
1.12564, 3074548, 1495462787000, 1.71, 1.71
1.1256, 3074548, 1495462847000, 1.71, 1.71
1.12569, 3074548, 1495462908000, 1.71, 1.71
1.1257, 3074548, 1495462968000, 1.71, 1.71
1.12565, 3074548, 1495463028000, 1.71, 1.71
1.1255, 3074548, 1495463088000, 1.71, 1.71
1.12541, 3074548, 1495463148000, 1.71, 1.71
1.12533, 3074548, 1495463207000, 1.71, 1.71
1.12526, 3074548, 1495463268000, 1.71, 1.71
1.12518, 3074548, 1495463328000, 1.71, 1.71
1.12521, 3074548, 1495463388000, 1.71, 1.71
1.12505, 3074548, 1495463448000, 1.71, 1.71
1.125, 3074548, 1495463507000, 1.71, 1.71
1.12505, 3074548, 1495463567000, 1.71, 1.71
1.12509, 3074548, 1495463627000, 1.71, 1.71
1.12505, 3074548, 1495463687000, 1.71, 1.71
1.12519, 3074548, 1495463748000, 1.71, 1.71
1.12518, 3074548, 1495463808000, 1.71, 1.71
1.12494, 3074548, 1495463867000, 1.71, 1.71
1.12464, 3074548, 1495463927000, 1.71, 1.71
1.12475, 3074548, 1495463987000, 1.71, 1.71
1.12481, 3074548, 1495464048000, 1.71, 1.71
1.12464, 3074548, 1495464108000, 1.71, 1.71
1.1247, 3074548, 1495464168000, 1.71, 1.71
1.12464, 3074548, 1495464228000, 1.71, 1.71
1.1246, 3074548, 1495464287000, 1.71, 1.71
1.12479, 3074548, 1495464347000, 1.71, 1.71
1.12456, 3074548, 1495464407000, 1.71, 1.71
1.12488, 3074548, 1495464468000, 1.71, 1.71
1.12527, 3074548, 1495464528000, 1.71, 1.71
1.12515, 3074548, 1495464588000, 1.71, 1.71
1.1252, 3074548, 1495464647000, 1.71, 1.71
1.12507, 3074548, 1495464707000, 1.71, 1.71
1.12499, 3074548, 1495464769000, 1.71, 1.71
1.12489, 3074548, 1495464828000, 1.71, 1.71
1.12501, 3074548, 1495464888000, 1.71, 1.71
1.12507, 3074548, 1495464947000, 1.71, 1.71
1.12515, 3074548, 1495465007000, 1.71, 1.71
1.12515, 3074548, 1495465067000, 1.71, 1.71
1.12464, 3074548, 1495465128000, 1.71, 1.71
1.12463, 3074548, 1495465188000, 1.71, 1.71
1.12502, 3074548, 1495465248000, 1.71, 1.71
1.12485, 3074548, 1495465308000, 1.71, 1.71
1.1247, 3074548, 1495465368000, 1.71, 1.71
1.12461, 3074548, 1495465428000, 1.71, 1.71
1.12444, 3074548, 1495465488000, 1.71, 1.71
1.12421, 3074548, 1495465547000, 1.71, 1.71
1.12433, 3074548, 1495465608000, 1.71, 1.71
1.12445, 3074548, 1495465668000, 1.71, 1.71
1.1245, 3074548, 1495465728000, 1.71, 1.71
1.12434, 3074548, 1495465787000, 1.71, 1.71
1.12428, 3074548, 1495465847000, 1.71, 1.71
1.12423, 3074548, 1495465907000, 1.71, 1.71
1.12423, 3074548, 1495465968000, 1.71, 1.71
1.12393, 3074548, 1495466028000, 1.71, 1.71
1.1234, 3074548, 1495466088000, 1.71, 1.71
1.12371, 3074548, 1495466147000, 1.71, 1.71
1.1236, 3074548, 1495466207000, 1.71, 1.71
1.12356, 3074548, 1495466268000, 1.71, 1.71
1.12345, 3074548, 1495466328000, 1.71, 1.71
1.12339, 3074548, 1495466388000, 1.71, 1.71
1.12336, 3074548, 1495466447000, 1.71, 1.71
1.12341, 3074548, 1495466507000, 1.71, 1.71
1.12329, 3074548, 1495466567000, 1.71, 1.71
1.12343, 3074548, 1495466628000, 1.71, 1.71
1.12331, 3074548, 1495466688000, 1.71, 1.71
1.12304, 3074548, 1495466748000, 1.71, 1.71
1.12301, 3074548, 1495466807000, 1.71, 1.71
1.12293, 3074548, 1495466868000, 1.71, 1.71
1.12305, 3074548, 1495466928000, 1.71, 1.71
1.1231, 3074548, 1495466988000, 1.71, 1.71
1.1232, 3074548, 1495467048000, 1.71, 1.71
1.12319, 3074548, 1495467107000, 1.71, 1.71
1.1232, 3074548, 1495467168000, 1.71, 1.71
1.12344, 3074548, 1495467227000, 1.71, 1.71
1.12326, 3074548, 1495467288000, 1.71, 1.71
1.1231, 3074548, 1495467348000, 1.71, 1.71
1.12324, 3074548, 1495467408000, 1.71, 1.71
1.12304, 3074548, 1495467468000, 1.71, 1.71
1.12295, 3074548, 1495467527000, 1.71, 1.71
1.12294, 3074548, 1495467587000, 1.71, 1.71
1.12293, 3074548, 1495467648000, 1.71, 1.71
1.12309, 3074548, 1495467707000, 1.71, 1.71
1.123, 3074548, 1495467768000, 1.71, 1.71
1.12306, 3074548, 1495467828000, 1.71, 1.71
